# blind re-tag: item number | unit | second acceptable unit (when the parts legitimately span two units)
1 10 11
2 10 12
3 4
4 11 10
5 2
6 12
7 6
8 4
9 9 10
10 11
11 6
12 1
13 6
14 10
15 12
16 11 10
17 5
18 1
19 10
20 9
21 11
22 12
23 10 11
24 2
25 9
26 11 12
27 12
28 9
29 12
30 5
31 10
32 9
33 4
34 6
35 7
36 11 9
37 5 12
38 9 10
39 9
40 2
41 3
42 2
43 7
44 9 11
45 2
46 2
47 7
48 7
49 11 12
50 10
51 11 9
52 9
53 10 11
54 11
55 4
56 4
57 11 9
58 10
59 11 9
60 10 11
61 12
62 7
63 3
64 12
65 11
66 1
67 5
68 12
69 4
70 5
71 12
72 11
73 11 9
74 2
75 5 12
76 6
77 11
78 6
79 10
80 10
81 3
82 4 3
83 7
84 12 11
85 10
86 10
87 7
88 4
89 9 11
90 7
91 9
92 3
93 10 11
94 8
95 9 10
96 5
97 4
98 11
99 8
100 12
101 10
102 9 11
103 1
104 7
105 3
106 11 9
107 1
108 12 11
109 12
110 10
111 6
112 10 11
113 4
114 1
115 10
116 12
117 9
118 6
119 9 11
120 1
121 8
122 12
123 9
124 12
125 4
126 2
127 3
128 7
129 8
130 12
131 1
132 10 12
133 12
134 7
135 10
136 1
137 10
138 10
139 11 12
140 10
141 6
142 9 10
143 9 11
144 3
145 4
146 10
147 10 11
148 4
149 12
150 5
151 3
152 11
153 6
154 2
155 4 5
156 12
157 11
158 10 12
159 9 11
160 12
161 11 12
162 11
163 1
164 10
165 4
166 8
167 11
168 3
169 5
170 12
171 11 5
172 12
173 5
174 12
175 5
176 11
177 12
178 4
179 1 4
180 9
181 9 11
182 12
183 9
184 5
185 11
186 11
187 2
188 4
189 1
190 5
191 10
192 10
193 10
194 1
195 5
196 3
197 5
198 4
199 2
200 12
201 4 1
202 5
203 10
204 1
205 3
206 11
207 4
208 3
209 12
210 9 11
211 12
212 10
213 12 11
214 12
215 5
216 11
217 3
218 10
219 10
220 4
221 11
222 12
223 11
224 12 9
225 10 11
226 10
227 9
228 6
229 7
230 7
231 12
232 3
233 1 4
234 9 10
235 1
236 1
237 7
238 11 9
239 10
240 3
241 11
242 7
243 5 12
244 9
245 4
246 2
247 4
248 6
249 1
250 3
251 9
252 10 11
253 4
254 8
255 11
256 9
257 12
258 12
259 4
260 1
261 5
262 5
263 3
264 1
265 1
266 10
267 9 11
268 9
269 10
270 8
271 10
272 2
273 1
274 6
275 10
276 9 12
277 3
278 4
279 1
280 12
281 8
282 9
283 11 10
284 9 10
285 8
286 11
287 11 10
288 1
289 3
290 3
291 4
292 8
293 7
294 11
295 11 9
296 11 10
297 11
298 6
299 6
300 2
301 6
302 11
303 8
304 10
305 3
306 10
307 11
308 10
309 12
310 1
311 9
312 8
313 11 12
314 9
315 9
316 1
317 12
318 11 9
319 11 12
320 9
321 10 11
322 5
323 12
324 1
325 9
326 5
327 10
328 9 11
329 11
330 3
331 7
332 11
333 12
334 5
335 3
336 11 9
337 12
338 1
339 10
340 5
341 7
342 5
343 11
344 1
345 8
346 5
347 7
348 9 10
349 10 11
350 4 1
351 12
352 8
353 12
354 6
355 10
356 11
357 1
358 4 1
359 1 4
360 9 12
361 6
362 11
363 9
364 1
365 4
366 9
367 7
368 9 10
369 8
370 2
371 2
372 11
373 10
374 11 9
375 11
376 1
377 5
378 6
379 4
380 9 12
381 11
382 6
383 4
384 2
385 7
386 11
387 1 2
388 5
389 10
390 7
391 1
392 3
393 9
394 12
395 11 12
396 1
397 3
398 10 11
399 10
400 12
401 3
402 3
403 12
404 6
405 6
406 1
407 11
408 10 11
409 4
410 12
411 1
412 10
413 12
414 12
415 1
416 10
417 12
418 5
419 3
420 12
421 3
422 8
423 4 1
424 11
425 5
426 6
427 11
428 5
429 4
430 2
431 9 11
432 12
433 5
434 5
435 4
436 12
437 2
438 10
439 7
440 6 5
441 11 9
442 9 12
443 10
444 9 10
445 2
446 10
447 9 10
448 10
449 1
450 3
451 10
452 9 11
453 5
454 9
455 10 12
456 3
457 6
458 3
459 8
460 2
461 12
462 9
463 12
464 11
465 1
466 11 10
467 8
468 7
469 11
470 6
471 12 5
472 10
473 2
474 12 11
475 11
476 11 9
477 10
478 9
479 12
480 3
481 5
482 8
483 4
484 4
485 1
486 12
487 1
488 8
489 7
490 10 11
491 11
492 5
493 10
494 10 12
495 12
496 5
497 10
498 5
499 1
500 11 9
501 12
502 4
503 9
504 12
505 10
506 8
507 6
508 9 11
509 6
510 2
511 3
512 11
513 11
514 1
515 1
516 12
517 3
518 5
519 10
520 10
521 9
522 1
523 10 12
524 11 9
525 12 10
526 4
527 7
528 5
529 12
530 3
531 6
532 11
533 9 11
534 3
535 4
536 12 11
537 11 10
538 11
539 2
540 10
541 8
542 4
543 8
544 10
545 6
546 10
547 10
548 5
549 3
550 6
551 5
552 10
553 2
554 11
555 6
556 12
557 11 10
558 10
559 5
560 6
561 10 9
562 7
563 10
564 4
565 12
566 10
567 9
568 9 11
569 6
570 10
571 9
572 1
573 5
574 12
575 11
576 12
577 12
578 7
579 11 9
580 4
581 12
582 11
583 2
584 10 9
585 9
586 10
587 9 10
588 11 9
589 3
590 11
591 3
592 10
593 1
594 11
595 3
596 11 9
597 1
598 3
599 1
600 7
601 11 10
602 3
603 11
604 12 9
605 5
606 11 12
607 10
608 3
609 5
610 1
611 2
612 1
613 11 12
614 12 9
615 11
616 10 11
617 1 4
618 11 9
619 9 11
620 3
621 2
622 1
623 10 9
624 3
625 4
626 4
627 12
628 12 11
629 1
630 11 9
631 4
632 10
633 2
634 10
635 8
636 6
637 11
638 1
639 1
640 10
641 12
642 6
643 9
644 12
645 6
646 12
647 12 11
648 9
649 11 9
650 12
651 3
652 9 11
653 1
654 10
655 5
656 1
657 10 11
658 1
659 11 9
660 10
661 7
662 1
663 5
664 6
665 9
666 10
667 12
668 9
669 1
670 2
671 4
672 10
673 8
674 11
675 10
676 12 10
677 3
678 1
679 5
680 10 11
681 1
682 10
683 9 11
684 7
685 9
686 9
687 7
688 6
689 3
690 12 9
691 7
692 4
693 10
694 1
695 2
696 3
697 10
698 12
699 8
700 5
701 7
702 5
703 9
704 11
705 6
706 3
707 4
708 11
709 5
710 2
711 9 11
712 12
713 6
714 2
715 6
716 3
717 2
718 3
719 11 10
720 6
721 3
722 9 11
723 1
724 11
725 4
726 2
727 8
728 5 12
729 8
730 1
731 1
732 8
733 3
734 10 11
735 9
736 3
737 4
738 5
739 11 12
740 11 9
741 2
742 12
743 6
744 7
745 6
746 8
747 5
748 1
749 10
750 12
751 11
752 10
753 9
754 10
755 11
756 5
757 12
758 3
759 10
760 4 1
761 1
762 9 11
763 6
764 4
765 9
766 2
767 12
768 4
769 9
770 11
771 11
772 5
773 11
774 12
775 8
776 11
777 4
778 12
779 3
780 1
781 10
782 2
783 12
784 12
785 2
786 11
787 6
788 12
789 9
790 12
791 10
792 11
793 1
794 11
795 11 9
796 11
797 11
798 11 10
799 3
800 8
801 10
802 3
803 5
804 2
805 11 10
806 8
807 6
808 9
809 12 10
810 10
811 10
812 7
813 9
814 12
815 5
816 4
817 2
818 9
819 6
820 4
821 8
822 2
823 12 11
824 11
825 10 9
826 3
827 2
828 5
829 3
830 11
831 5
832 2
833 12 11
834 5
835 12
836 11 9
837 11
838 10 12
839 9
840 10
841 9 12
842 2
843 12
844 12
845 10 11
846 11 9
847 4
848 4
849 10
850 4
851 12
852 7
853 9
854 10
855 11
856 1
857 12 11
858 11
859 4
860 10
861 11
862 4
863 1
864 3
865 10 11
866 2
867 10
868 1
869 11 9
870 11 12
871 3
872 8
873 6
874 1
875 11 9
876 4 3
877 12
878 11
879 5
880 11
881 10
882 1
883 2
884 1
885 7
886 10
887 8
888 1
889 8
890 9 12
891 2
892 12 11
893 1
894 1
895 8
896 6
897 9
898 2
899 12
900 11 12
901 10
902 4
903 12
904 1
905 6
906 9
907 7
908 9
909 12
910 4
911 12
912 4
913 10
914 11
915 1
916 1
917 10
918 11
919 3
920 3
921 11 10
922 9
923 6
924 1
925 10
926 9
927 5
928 4
929 11
930 2
931 5
932 4
933 12
934 1
935 1
936 5
937 11 10
938 3
939 2
940 4 3
941 4
942 3
943 11 9
944 10 9
945 1
946 1
947 5
948 9
949 5
950 1
951 11
952 10
953 10
954 12 10
955 8
956 9 10
957 11 9
958 9
959 4
960 12
961 8
962 6 5
963 12
964 12 11
965 6
966 6
967 3
968 12
969 11
970 9
971 9
972 3
973 1
974 3
975 1
976 12
977 1
978 12 11
979 11
980 9 11
981 11
982 11
983 2
984 11 9
985 1
986 3
987 3
988 12
989 10
990 12
991 4
992 8
993 1
994 9 11
995 12 5
996 8
997 10 12
998 6
999 11
1000 9
1001 11
1002 11
1003 1
1004 10
1005 3 5
1006 8
1007 8
1008 10
1009 12
1010 12 11
1011 6
1012 12
1013 10
1014 10 9
1015 5 12
1016 1
1017 5
1018 11 12
1019 5 12
1020 1
1021 9 10
1022 10
1023 7
1024 4 3
1025 4
1026 12
1027 11 9
1028 5
1029 8
1030 11 9
1031 5
1032 3
1033 11 10
1034 9
1035 1
1036 1 4
1037 12
1038 9
1039 10 9
1040 2
1041 9
1042 11 9
1043 5
1044 11
1045 1
1046 3
1047 7
1048 4
1049 12
1050 7
1051 9
1052 10
1053 5 12
1054 4
1055 6 12
1056 10
1057 5
1058 9 10
1059 2
1060 11
1061 5
1062 8
1063 3
1064 10
1065 3
1066 1
1067 4
1068 6 12
1069 11
1070 3
1071 9
1072 11
1073 3
1074 9 11
1075 11 9
1076 11
1077 4
1078 12
1079 9
1080 7
1081 12
1082 8
1083 5 12
1084 1
1085 12 11
1086 12
1087 1
1088 11 10
1089 2
1090 5 7
1091 9 11
1092 12
1093 10
1094 3
1095 12
1096 10
1097 10
1098 11
1099 1
1100 10
1101 12
1102 8
1103 10
1104 3
1105 1
1106 3
1107 10
1108 11 10
1109 6
1110 1
1111 11
1112 8
1113 8
1114 8
1115 5
1116 11 10
1117 10
1118 6
1119 3
1120 1
1121 5
1122 9
1123 10
1124 4
1125 12
1126 10
1127 10
1128 11
1129 1
1130 10
1131 4
1132 11
1133 10
1134 10
1135 9
1136 8
1137 12
1138 10 11
1139 10
1140 11
1141 10 12
1142 9 11
1143 10
1144 3
1145 3
1146 3
1147 5
1148 5
1149 2
1150 3
1151 10 11
1152 4
1153 10
1154 5
1155 12
1156 2
1157 1 4
1158 2
1159 5
1160 11
1161 11 9
1162 12
1163 12
1164 12
1165 11
1166 9
1167 10
1168 10 11
1169 4
1170 12
1171 4
1172 3
1173 12
1174 5
1175 12 11
1176 10
1177 12
1178 11
1179 7
1180 3
1181 12
1182 3
1183 11 12
1184 5
1185 1
1186 6
1187 11
1188 12
1189 10
1190 11 9
1191 12
1192 11
1193 4
1194 11 10
1195 10 11
1196 1
1197 10
1198 12
1199 3
1200 11 10
1201 12
1202 1
1203 12
1204 6
1205 9
1206 3
1207 4
1208 7
1209 11
1210 3
1211 11 9
1212 3
1213 10
1214 9
1215 11
1216 5
1217 1
1218 11
1219 4
1220 12 10
1221 3
1222 8
1223 6
1224 10 11
1225 11
1226 1
1227 2
1228 10
1229 11
1230 11 12
1231 12 10
1232 6
1233 6
1234 1
1235 12
1236 1
1237 10 11
1238 10
1239 11
1240 8
1241 9
1242 3
1243 11 9
1244 10
1245 9 11
1246 10
1247 10 12
1248 3
1249 11 10
1250 11 10
1251 3
1252 7
1253 1 4
1254 3
1255 6
1256 5 12
1257 11
1258 3
1259 9 12
1260 9 10
1261 1
1262 5
1263 1
1264 12
1265 2
1266 9 10
1267 12
1268 9 12
1269 12 9
1270 10
1271 9
1272 11 10
1273 9
1274 9 11
1275 12 6
1276 10
1277 10
1278 3
1279 10 12
1280 3
1281 11 12
1282 3
1283 12 10
1284 9 10
1285 9
1286 11 9
1287 7
1288 1
1289 10
1290 10
1291 8
1292 2
1293 10 11
1294 3
1295 3
1296 10
1297 10
1298 8
1299 12
1300 11
1301 11
1302 7
1303 10 11
1304 12
1305 11
1306 11
1307 11 10
1308 4 3
1309 10
1310 1
1311 8
1312 5
1313 2
1314 10
1315 10
1316 3
1317 11
1318 10
1319 7
1320 5
1321 8
1322 12
1323 8
1324 10
1325 12
1326 4
1327 12
1328 2
1329 12
1330 3
1331 2
1332 11
1333 5
1334 3
1335 10
1336 9 12
1337 11
1338 6
1339 4
1340 5
1341 4
1342 1
1343 9 11
1344 10
1345 3
1346 10
1347 10
1348 5
1349 4
1350 11
1351 11 9
1352 6
